623
790
178
984
652
38
870
218
204
290
53
524
614
759
507
951
667
192
874
481
698
132
382
622
861
651
953
244
629
535
203
871
320
753
478
771
705
750
141
396
836
207
718
285
325
735
56
460
391
427
1008
90
778
666
95
469
493
150
428
416
283
762
466
949
516
305
282
987
672
749
868
506
773
928
299
694
851
1009
927
825
786
149
805
589
152
906
491
764
487
809
918
636
450
823
222
751
596
354
745
826
924
436
1014
573
253
387
432
513
482
483
969
576
196
642
114
454
712
907
974
497
42
888
704
30
50
797
193
591
577
804
583
160
835
419
220
457
584
139
130
729
1015
917
1016
768
536
690
61
616
238
785
179
243
910
726
125
58
659
143
966
292
296
316
566
412
431
170
418
817
113
362
106
879
538
425
231
127
732
996
852
155
395
595
445
713
388
383
711
720
520
612
744
148
550
399
565
807
490
338
582
532
962
864
847
136
710
323
850
64
937
87
206
342
610
31
819
789
756
174
248
706
512
353
39
863
9
605
992
613
441
35
210
402
245
537
558
994
964
696
832
363
7
14
284
657
129
540
462
137
411
36
442
774
998
646
189
122
644
435
510
963
63
799
80
269
846
806
78
475
280
970
708
954
772
553
611
18
32
938
434
982
849
270
339
126
555
643
570
247
374
599
86
783
135
897
91
922
458
190
112
601
923
747
780
880
525
131
188
420
153
105
361
281
689
761
808
956
912
899
746
857
119
451
929
1004
529
24
787
521
69
748
373
372
816
840
522
625
303
560
887
916
492
675
654
973
865
476
727
926
508
319
707
366
255
549
263
275
769
219
123
274
266
655
569
665
311
443
638
185
307
355
627
104
947
162
81
166
444
585
485
812
277
208
639
177
939
295
606
200
422
84
544
229
567
527
225
731
691
194
592
862
164
545
197
682
988
738
724
74
195
256
286
397
714
656
199
60
201
662
684
640
180
902
145
844
439
429
409
650
564
326
898
102
580
950
967
872
8
993
242
75
250
649
34
903
322
822
517
477
54
17
324
107
915
813
328
98
914
168
37
568
249
546
278
722
3
552
758
683
406
70
519
312
754
12
27
88
934
615
67
184
467
891
999
260
289
624
900
630
944
716
237
257
147
885
853
298
741
597
539
834
838
365
556
421
172
946
609
975
830
232
1005
62
859
843
588
1
154
463
494
563
908
378
845
489
660
59
495
818
543
375
159
110
41
335
116
151
715
884
515
985
935
49
4
167
92
1001
782
518
752
471
223
5
767
344
1003
205
703
757
10
357
55
273
165
1012
235
268
594
359
358
340
315
557
302
925
424
85
503
239
356
547
631
575
842
848
828
329
581
528
496
241
228
678
869
240
945
68
905
73
717
626
221
276
258
814
182
6
965
733
343
433
634
468
294
561
121
876
961
473
499
376
603
548
246
440
381
571
29
40
26
233
488
308
351
676
94
701
486
158
1000
215
723
886
792
920
313
216
801
405
664
668
976
15
48
904
839
931
1002
593
697
740
821
827
163
867
474
990
480
702
940
265
989
501
400
453
224
134
942
677
562
124
739
661
181
108
341
911
385
860
511
991
236
810
978
183
542
89
394
875
930
337
408
719
211
798
909
318
952
350
523
448
65
77
681
721
459
858
455
449
456
430
980
71
777
261
901
398
632
438
198
288
742
932
856
776
465
51
653
802
658
628
100
2
734
23
389
403
590
76
43
118
79
854
426
1013
680
803
347
554
607
377
304
855
72
44
602
635
755
175
959
301
882
919
587
99
66
142
384
19
227
763
686
743
633
279
138
866
619
637
169
321
781
795
831
349
364
1011
16
392
526
410
500
171
687
306
117
598
641
531
128
470
983
572
133
600
890
46
417
877
415
291
226
943
57
766
28
259
390
647
504
333
725
209
314
251
157
368
472
933
779
551
264
346
955
505
173
971
936
829
202
502
895
176
968
883
730
894
958
921
334
620
213
214
893
784
736
788
352
144
881
234
699
330
404
669
414
977
811
604
760
83
948
892
300
765
1010
452
957
770
369
791
332
331
115
645
82
692
156
695
140
1007
272
479
837
109
52
688
47
878
11
995
252
889
793
981
541
559
586
608
700
841
187
212
262
673
45
663
896
498
693
670
986
336
371
379
1006
33
287
103
111
380
509
309
120
327
514
621
618
360
979
775
617
484
186
271
230
685
21
873
913
579
13
709
217
833
370
824
578
367
533
146
161
679
941
293
297
815
530
386
401
972
671
737
101
22
413
97
574
317
674
794
447
461
997
446
407
437
20
345
648
728
93
960
800
423
820
191
464
96
796
310
534
393
254
25
1017
348
267
